v = [90;0;0]; % [m/s];
t_GPS0 = [0;0;1000];